0.0 535384.0
1.0 542740.0
2.0 544020.0
3.0 563896.0
4.0 583912.0
5.0 587348.0
6.0 626392.0
7.0 646768.0
8.0 640792.0
9.0 654820.0
10.0 662740.0
11.0 668032.0
12.0 661064.0
13.0 657748.0
14.0 668644.0
15.0 672612.0
16.0 698164.0
17.0 682256.0
18.0 656612.0
19.0 697160.0
20.0 750316.0
21.0 764196.0
22.0 777960.0
23.0 792840.0
24.0 673220.0
25.0 677088.0
26.0 676964.0
27.0 716412.0
28.0 691108.0
29.0 723604.0
30.0 758820.0
31.0 772584.0
32.0 785604.0
33.0 681328.0
34.0 730788.0
35.0 684172.0
36.0 737500.0
37.0 687280.0
38.0 741832.0
39.0 758572.0
40.0 773204.0
41.0 717652.0
42.0 766404.0
43.0 781160.0
44.0 794204.0
45.0 692300.0
46.0 745356.0
47.0 767180.0
48.0 716232.0
49.0 699996.0
50.0 701260.0
51.0 698676.0
52.0 685612.0
53.0 685596.0
54.0 685596.0
55.0 685596.0
56.0 685596.0
57.0 689668.0
58.0 690064.0
59.0 690296.0
60.0 691204.0
61.0 691692.0
62.0 700784.0
63.0 697616.0
64.0 697344.0
65.0 697964.0
66.0 719820.0
67.0 703104.0
68.0 702840.0
69.0 702664.0
70.0 702952.0
71.0 703648.0
72.0 703192.0
73.0 724264.0
74.0 706912.0
75.0 704876.0
76.0 705232.0
77.0 705240.0
78.0 705776.0
79.0 705404.0
80.0 734172.0
81.0 767528.0
82.0 709844.0
83.0 709012.0
84.0 710112.0
85.0 710152.0
86.0 746228.0
87.0 738548.0
88.0 737184.0
89.0 712524.0
90.0 715756.0
91.0 714688.0
92.0 714144.0
93.0 734068.0
94.0 812492.0
95.0 838720.0
96.0 865568.0
97.0 801544.0
98.0 802296.0
99.0 802024.0
100.0 802768.0
101.0 803388.0
102.0 804380.0
103.0 804804.0
104.0 805672.0
105.0 806548.0
106.0 807416.0
107.0 808408.0
108.0 809292.0
109.0 810524.0
110.0 811144.0
111.0 811764.0
112.0 812508.0
113.0 812904.0
114.0 813524.0
115.0 814324.0
116.0 815068.0
117.0 820792.0
118.0 845308.0
119.0 792212.0
120.0 793296.0
121.0 794304.0
122.0 794800.0
123.0 794764.0
124.0 795756.0
125.0 796500.0
126.0 796996.0
127.0 797988.0
128.0 798608.0
129.0 799848.0
130.0 800344.0
131.0 801352.0
132.0 793140.0
133.0 849236.0
134.0 877664.0
135.0 828420.0
136.0 829512.0
137.0 830248.0
138.0 831108.0
139.0 830512.0
140.0 831256.0
141.0 831752.0
142.0 832496.0
143.0 832992.0
144.0 834108.0
145.0 834728.0
146.0 835720.0
147.0 836836.0
148.0 837604.0
149.0 838596.0
150.0 839340.0
151.0 840208.0
152.0 840828.0
153.0 841696.0
154.0 842316.0
155.0 843060.0
156.0 848736.0
157.0 797748.0
158.0 798852.0
159.0 799596.0
160.0 800588.0
161.0 801456.0
162.0 802324.0
163.0 803068.0
164.0 803676.0
165.0 867784.0
166.0 895188.0
167.0 828380.0
168.0 829628.0
169.0 829272.0
170.0 830140.0
171.0 830884.0
172.0 832000.0
173.0 832620.0
174.0 833488.0
175.0 834356.0
176.0 835348.0
177.0 836216.0
178.0 836712.0
179.0 837456.0
180.0 833860.0
181.0 868552.0
182.0 894220.0
183.0 838604.0
184.0 839192.0
185.0 839936.0
186.0 840804.0
187.0 841548.0
188.0 842416.0
189.0 843284.0
190.0 844152.0
191.0 845020.0
192.0 845764.0
193.0 846028.0
194.0 847020.0
195.0 847516.0
196.0 848508.0
197.0 828516.0
198.0 891416.0
199.0 919612.0
200.0 872012.0
201.0 873048.0
202.0 874164.0
203.0 875008.0
204.0 874388.0
205.0 875140.0
206.0 876008.0
207.0 876752.0
208.0 877248.0
209.0 878116.0
210.0 878860.0
211.0 879728.0
212.0 880472.0
213.0 881236.0
214.0 882128.0
215.0 882996.0
216.0 883988.0
217.0 884980.0
218.0 885848.0
219.0 886492.0
220.0 822464.0
221.0 903188.0
222.0 928856.0
223.0 867140.0
224.0 867040.0
225.0 867660.0
226.0 868404.0
227.0 868900.0
228.0 869768.0
229.0 870512.0
230.0 871504.0
231.0 872496.0
232.0 873116.0
233.0 873984.0
234.0 874744.0
235.0 875488.0
236.0 876232.0
237.0 889472.0
238.0 924416.0
239.0 876900.0
240.0 877496.0
241.0 878456.0
242.0 879448.0
243.0 880664.0
244.0 880984.0
245.0 881728.0
246.0 882596.0
247.0 883340.0
248.0 883888.0
249.0 884532.0
250.0 885772.0
251.0 886516.0
252.0 887260.0
253.0 886364.0
254.0 933608.0
255.0 961632.0
256.0 910828.0
257.0 911696.0
258.0 912556.0
259.0 912068.0
260.0 912688.0
261.0 913556.0
262.0 914176.0
263.0 914952.0
264.0 916564.0
265.0 917556.0
266.0 918548.0
267.0 919432.0
268.0 920052.0
269.0 920732.0
270.0 921384.0
271.0 922128.0
272.0 922624.0
273.0 923616.0
274.0 924236.0
275.0 924484.0
276.0 921144.0
277.0 852812.0
278.0 853672.0
279.0 854292.0
280.0 855036.0
281.0 855780.0
282.0 856524.0
283.0 857028.0
284.0 857772.0
285.0 858516.0
286.0 859384.0
287.0 860252.0
288.0 861244.0
289.0 862268.0
290.0 862764.0
291.0 863756.0
292.0 864376.0
293.0 864896.0
294.0 865764.0
295.0 866384.0
296.0 866888.0
297.0 867872.0
298.0 868764.0
299.0 869288.0
300.0 870156.0
301.0 871024.0
302.0 871644.0
303.0 872636.0
304.0 873372.0
305.0 874240.0
306.0 874984.0
307.0 875604.0
308.0 876472.0
309.0 876844.0
310.0 877712.0
311.0 878456.0
312.0 879200.0
313.0 879944.0
314.0 880688.0
315.0 881432.0
316.0 882300.0
317.0 883292.0
318.0 884036.0
319.0 884936.0
320.0 885432.0
321.0 886052.0
322.0 886796.0
323.0 887540.0
324.0 888184.0
325.0 888928.0
326.0 889672.0
327.0 890540.0
328.0 891656.0
329.0 892276.0
330.0 893292.0
331.0 894036.0
332.0 894904.0
333.0 896020.0
334.0 896156.0
335.0 896808.0
336.0 897676.0
337.0 898296.0
338.0 899164.0
339.0 899932.0
340.0 900428.0
341.0 901544.0
342.0 902288.0
343.0 903156.0
344.0 904272.0
345.0 905016.0
346.0 906132.0
347.0 906628.0
348.0 906876.0
349.0 907652.0
350.0 908396.0
351.0 908892.0
352.0 909884.0
353.0 910504.0
354.0 911172.0
355.0 912140.0
356.0 913008.0
357.0 913628.0
358.0 914372.0
359.0 915192.0
360.0 916184.0
361.0 916952.0
362.0 918060.0
363.0 918556.0
364.0 919052.0
365.0 919920.0
366.0 920168.0
367.0 921036.0
368.0 921780.0
369.0 923020.0
370.0 924036.0
371.0 924672.0
372.0 925540.0
373.0 926284.0
374.0 926904.0
375.0 927424.0
376.0 928168.0
377.0 929284.0
378.0 929904.0
379.0 930772.0
380.0 931532.0
381.0 932152.0
382.0 933268.0
383.0 934012.0
384.0 934848.0
385.0 935592.0
386.0 936212.0
387.0 936956.0
388.0 937336.0
389.0 938196.0
390.0 938692.0
391.0 939684.0
392.0 940180.0
393.0 940816.0
394.0 941932.0
395.0 942552.0
396.0 943048.0
397.0 943916.0
398.0 944536.0
399.0 945404.0
400.0 946272.0
401.0 946892.0
402.0 947420.0
403.0 948288.0
404.0 949164.0
405.0 950156.0
406.0 950900.0
407.0 951644.0
408.0 952264.0
409.0 952908.0
410.0 953652.0
411.0 954412.0
412.0 955156.0
413.0 955900.0
414.0 956604.0
415.0 957480.0
416.0 958588.0
417.0 959456.0
418.0 960324.0
419.0 960944.0
420.0 961564.0
421.0 962060.0
422.0 962944.0
423.0 963688.0
424.0 964564.0
425.0 965432.0
426.0 966176.0
427.0 966796.0
428.0 967184.0
429.0 973988.0
430.0 979088.0
431.0 984716.0
432.0 989940.0
433.0 995412.0
434.0 1001028.0
435.0 1005960.0
436.0 1011308.0
437.0 1016780.0
438.0 1022112.0
439.0 1027700.0
440.0 1032476.0
441.0 1037948.0
442.0 1042164.0
443.0 1047388.0
444.0 1052736.0
445.0 1057340.0
446.0 1062672.0
447.0 1068020.0
448.0 1073616.0
449.0 1079212.0
450.0 1084064.0
451.0 1089148.0
452.0 1094744.0
453.0 1100216.0
454.0 1105184.0
455.0 1109896.0
456.0 1114748.0
457.0 1120096.0
458.0 1125304.0
459.0 1130908.0
460.0 1135480.0
461.0 1140580.0
462.0 1145788.0
463.0 1151012.0
464.0 1156560.0
465.0 1161204.0
466.0 1163064.0
467.0 1170396.0
468.0 1175744.0
469.0 1181472.0
470.0 1186192.0
471.0 1191416.0
472.0 1196764.0
473.0 1202360.0
474.0 1207692.0
475.0 1212172.0
476.0 1217768.0
477.0 1223116.0
478.0 1228572.0
479.0 1232980.0
480.0 1238184.0
481.0 1243408.0
482.0 1248632.0
483.0 1253484.0
484.0 1258956.0
485.0 1263868.0
486.0 1269076.0
487.0 1274300.0
488.0 1279524.0
489.0 1284748.0
490.0 1289460.0
491.0 1294684.0
492.0 1300164.0
493.0 1305628.0
494.0 1311084.0
495.0 1315812.0
496.0 1321532.0
497.0 1326880.0
498.0 1332228.0
499.0 1337560.0
500.0 1341800.0
501.0 1347016.0
502.0 1352240.0
503.0 1357588.0
504.0 1362904.0
505.0 1367896.0
506.0 1373004.0
507.0 1378212.0
508.0 1383560.0
509.0 1388312.0
510.0 1393288.0
511.0 1398620.0
512.0 1404232.0
513.0 1409704.0
514.0 1415424.0
515.0 1420028.0
516.0 1425484.0
517.0 1430832.0
518.0 1436072.0
519.0 1441404.0
520.0 1446256.0
521.0 1451604.0
522.0 1457324.0
523.0 1462672.0
524.0 1468004.0
525.0 1472856.0
526.0 1236140.0
527.0 1238248.0
528.0 1240604.0
529.0 1242464.0
530.0 1244696.0
531.0 1246928.0
532.0 1190268.0
533.0 1192252.0
534.0 1194228.0
535.0 1196576.0
536.0 1198436.0
537.0 1200544.0
538.0 1202652.0
539.0 1146284.0
540.0 1148432.0
541.0 1150664.0
542.0 1152772.0
543.0 1155004.0
544.0 1156864.0
545.0 1100700.0
546.0 1102932.0
547.0 1105164.0
548.0 1107388.0
549.0 1109372.0
550.0 1111480.0
551.0 1113588.0
552.0 1058036.0
553.0 1060392.0
554.0 1042576.0
555.0 1044744.0
556.0 1047132.0
557.0 1049116.0
558.0 1051224.0
559.0 1010056.0
560.0 1012172.0
561.0 1014280.0
562.0 1016264.0
563.0 976088.0
564.0 978196.0
565.0 980428.0
566.0 982660.0
567.0 984768.0
568.0 944344.0
569.0 946204.0
570.0 948312.0
571.0 950544.0
572.0 910376.0
573.0 912484.0
574.0 914912.0
575.0 917072.0
576.0 919304.0
577.0 876772.0
578.0 864744.0
579.0 958736.0
580.0 1416480.0
581.0 2002768.0
582.0 2154916.0
583.0 2155412.0
584.0 2156040.0
585.0 2155916.0
586.0 2154436.0
587.0 2154560.0
588.0 2154684.0
589.0 2154560.0
590.0 2154684.0
591.0 2154684.0
592.0 2154684.0
593.0 2154808.0
594.0 2154808.0
595.0 2155180.0
596.0 2155180.0
597.0 2155304.0
598.0 2155304.0
599.0 2155428.0
600.0 2155428.0
601.0 2155552.0
602.0 2155428.0
603.0 2155552.0
604.0 2155676.0
605.0 2155552.0
606.0 2155676.0
607.0 2155676.0
608.0 2155676.0
609.0 2155800.0
610.0 2155800.0
611.0 2155924.0
612.0 2155924.0
613.0 2156048.0
614.0 2156048.0
615.0 2156048.0
616.0 2156172.0
617.0 2156296.0
618.0 2156172.0
619.0 2156296.0
620.0 2156296.0
621.0 2156296.0
622.0 2156296.0
623.0 2156544.0
624.0 2156668.0
625.0 2156668.0
626.0 2156792.0
627.0 2156792.0
628.0 2156916.0
629.0 2157040.0
630.0 2156916.0
631.0 2156916.0
632.0 2156916.0
633.0 2157040.0
634.0 2156916.0
635.0 2157040.0
636.0 2157040.0
637.0 2157164.0
638.0 2157164.0
639.0 2157288.0
640.0 2157288.0
641.0 2157288.0
642.0 2157288.0
643.0 2157536.0
644.0 2157536.0
645.0 2157536.0
646.0 2157536.0
647.0 2157784.0
648.0 2157784.0
649.0 2157784.0
650.0 2157784.0
651.0 2157908.0
652.0 2157908.0
653.0 2157908.0
654.0 2157908.0
655.0 2158032.0
656.0 2158156.0
657.0 2158156.0
658.0 2158156.0
659.0 2158156.0
660.0 2158280.0
661.0 2158280.0
662.0 2158280.0
663.0 2158528.0
664.0 2158528.0
665.0 2158528.0
666.0 2158404.0
667.0 2158404.0
668.0 2158652.0
669.0 2158652.0
670.0 2158652.0
671.0 2158652.0
672.0 2158652.0
673.0 2158776.0
674.0 2158776.0
675.0 2158776.0
676.0 2158776.0
677.0 2158900.0
678.0 2158900.0
679.0 2158900.0
680.0 2158900.0
681.0 2159024.0
682.0 2159024.0
683.0 2159148.0
684.0 2159272.0
685.0 2159272.0
686.0 2159272.0
687.0 2159396.0
688.0 2159520.0
689.0 2159520.0
690.0 2159396.0
691.0 2159396.0
692.0 2159396.0
693.0 2159520.0
694.0 2159520.0
695.0 2159644.0
696.0 2159768.0
697.0 2159768.0
698.0 2159644.0
699.0 2159768.0
700.0 2159768.0
701.0 2159768.0
702.0 2159892.0
703.0 2159892.0
704.0 2159892.0
705.0 2334980.0
706.0 2893048.0
707.0 3396912.0
708.0 3397380.0
709.0 3394172.0
710.0 3394064.0
711.0 3394396.0
712.0 3393960.0
713.0 2656764.0
714.0 3393564.0
715.0 3393704.0
716.0 3393828.0
717.0 3393828.0
718.0 3393720.0
719.0 3394000.0
720.0 3394000.0
721.0 2510252.0
722.0 2441440.0
723.0 2387972.0
724.0 2339612.0
725.0 2291252.0
726.0 2230044.0
727.0 2166948.0
728.0 2692508.0
729.0 3241208.0
730.0 3399768.0
731.0 3399768.0
732.0 3399892.0
733.0 3400692.0
734.0 3400800.0
735.0 2226636.0
736.0 2226776.0
737.0 2226776.0
738.0 2461508.0
739.0 3323556.0
740.0 3402808.0
741.0 3405172.0
742.0 2232364.0
743.0 2235884.0
744.0 2232080.0
745.0 1806684.0
746.0 1769044.0
747.0 1776172.0
748.0 1829604.0
749.0 1809004.0
750.0 1770384.0
751.0 1727960.0
752.0 1269208.0
753.0 1219212.0
754.0 1180756.0
755.0 1180552.0
756.0 1184592.0
757.0 1194688.0
758.0 1198932.0
759.0 1205676.0
760.0 1216108.0
761.0 1225996.0
762.0 1234760.0
763.0 1245380.0
764.0 1255112.0
765.0 1265256.0
766.0 1275548.0
767.0 1286072.0
768.0 1296272.0
769.0 1305960.0
770.0 1315384.0
771.0 1357756.0
772.0 1457096.0
773.0 1503948.0
774.0 1506072.0
775.0 1504264.0
776.0 1514484.0
777.0 1536192.0
778.0 1571240.0
779.0 1516152.0
780.0 1553856.0
781.0 1566480.0
782.0 1583964.0
783.0 1599596.0
784.0 1534824.0
785.0 1568800.0
786.0 1527732.0
787.0 1552036.0
788.0 1536864.0
789.0 1550512.0
790.0 1532672.0
791.0 1542964.0
792.0 1522520.0
793.0 1569880.0
794.0 1532936.0
795.0 1570996.0
796.0 1546940.0
797.0 1585760.0
798.0 1601376.0
799.0 1548428.0
800.0 1582528.0
801.0 1528668.0
802.0 1546920.0
803.0 1597388.0
804.0 1611624.0
805.0 1626008.0
806.0 1638160.0
807.0 1554452.0
808.0 1590652.0
809.0 1548376.0
810.0 1587932.0
811.0 1611980.0
812.0 1633184.0
813.0 1544540.0
814.0 1596000.0
815.0 1615096.0
816.0 1631712.0
817.0 1569216.0
818.0 1612492.0
819.0 1625016.0
820.0 1637664.0
821.0 1650932.0
822.0 1568372.0
823.0 1603680.0
824.0 1620048.0
825.0 1569828.0
826.0 1597348.0
827.0 1614344.0
828.0 1565272.0
829.0 1543564.0
830.0 1550160.0
831.0 1576200.0
832.0 1589716.0
833.0 1570304.0
834.0 1614060.0
835.0 1629072.0
836.0 1648416.0
837.0 1558020.0
838.0 1616044.0
839.0 1633164.0
840.0 1649284.0
841.0 1555664.0
842.0 1589676.0
843.0 1617336.0
844.0 1558188.0
845.0 1616344.0
846.0 1648576.0
847.0 1661844.0
848.0 1675604.0
849.0 1691972.0
850.0 1578140.0
851.0 1597980.0
852.0 1572132.0
853.0 1623112.0
854.0 1641836.0
855.0 1656964.0
856.0 1591680.0
857.0 1638056.0
858.0 1656036.0
859.0 1675876.0
860.0 1585612.0
861.0 1605604.0
862.0 1645648.0
863.0 1661396.0
864.0 1677640.0
865.0 1603812.0
866.0 1649344.0
867.0 1665960.0
868.0 1683192.0
869.0 1609288.0
870.0 1638932.0
871.0 1658640.0
872.0 1676124.0
873.0 1597428.0
874.0 1651724.0
875.0 1671440.0
876.0 1600504.0
877.0 1593620.0
878.0 1593852.0
879.0 1593868.0
880.0 1593860.0
881.0 1593876.0
882.0 1594992.0
883.0 1607312.0
884.0 1595620.0
885.0 1595520.0
886.0 1604036.0
887.0 1644824.0
888.0 1641820.0
889.0 1610572.0
890.0 1623104.0
891.0 1618276.0
892.0 1597940.0
893.0 1616584.0
894.0 1605408.0
895.0 1624024.0
896.0 1607044.0
897.0 1648824.0
898.0 1653148.0
899.0 1625876.0
900.0 1626792.0
901.0 1605108.0
902.0 1621188.0
903.0 1628504.0
904.0 1639664.0
905.0 1610036.0
906.0 1631372.0
907.0 1636068.0
908.0 1603040.0
909.0 1628436.0
910.0 1619276.0
911.0 1615460.0
912.0 1655896.0
913.0 1678224.0
914.0 1660516.0
915.0 1684176.0
916.0 1625648.0
917.0 1645612.0
918.0 1687896.0
919.0 1700916.0
920.0 1712820.0
921.0 1621184.0
922.0 1671040.0
923.0 1690128.0
924.0 1667468.0
925.0 1685572.0
926.0 1630408.0
927.0 1657548.0
928.0 1682976.0
929.0 1637576.0
930.0 1618000.0
931.0 1671692.0
932.0 1638196.0
933.0 1677008.0
934.0 1625332.0
935.0 1644932.0
936.0 1618388.0
937.0 1632400.0
938.0 1648056.0
939.0 1681420.0
940.0 1672360.0
941.0 1691580.0
942.0 1625992.0
943.0 1621832.0
944.0 1632116.0
945.0 1615580.0
946.0 1615648.0
947.0 1616316.0
948.0 1657540.0
949.0 1630864.0
950.0 1631412.0
951.0 1632612.0
952.0 1619516.0
953.0 1654996.0
954.0 1656856.0
955.0 1672028.0
956.0 1666208.0
957.0 1668068.0
958.0 1666456.0
959.0 1689520.0
960.0 1668556.0
961.0 1668068.0
962.0 1680592.0
963.0 1668084.0
964.0 1680980.0
965.0 1664356.0
966.0 1676888.0
967.0 1672432.0
968.0 1674796.0
969.0 1690916.0
970.0 1671696.0
971.0 1678400.0
972.0 1672812.0
973.0 1681012.0
974.0 1670520.0
975.0 1678704.0
976.0 1671016.0
977.0 1669156.0
978.0 1671064.0
979.0 1686688.0
980.0 1676760.0
981.0 1673164.0
982.0 1684836.0
983.0 1673768.0
984.0 1680580.0
985.0 1669180.0
986.0 1690624.0
987.0 1680456.0
988.0 1681668.0
989.0 1684540.0
990.0 3372280.0
991.0 6243500.0
992.0 9091780.0
993.0 10576912.0
994.0 10577168.0
995.0 10577416.0
996.0 10577656.0
997.0 10577780.0
998.0 10578152.0
999.0 10578400.0
1000.0 10578772.0
1001.0 10578896.0
1002.0 10579020.0
1003.0 10579268.0
1004.0 10579516.0
1005.0 10579764.0
1006.0 10579764.0
1007.0 10580012.0
1008.0 10580260.0
1009.0 10580508.0
1010.0 10580640.0
1011.0 10580888.0
1012.0 10581136.0
1013.0 10581508.0
1014.0 10586436.0
1015.0 1702572.0
1016.0 1716948.0
1017.0 1725388.0
1018.0 1709516.0
1019.0 1722376.0
1020.0 1728328.0
1021.0 2070444.0
1022.0 2118804.0
1023.0 2119300.0
1024.0 1729520.0
1025.0 1729892.0
1026.0 1735612.0
1027.0 1741124.0
1028.0 1762684.0
1029.0 1875952.0
1030.0 2058852.0
1031.0 1762648.0
1032.0 1841296.0
1033.0 1996080.0
1034.0 2203656.0
1035.0 2344272.0
1036.0 2391888.0
1037.0 2569332.0
1038.0 2719372.0
1039.0 2201456.0
1040.0 2458012.0
1041.0 2708368.0
1042.0 3082724.0
1043.0 3271576.0
1044.0 2114284.0
1045.0 1859464.0
1046.0 2005908.0
1047.0 2213856.0
1048.0 2286396.0
1049.0 1951596.0
1050.0 1877316.0
1051.0 2012696.0
1052.0 1872916.0
1053.0 2044656.0
1054.0 2214908.0
1055.0 2104180.0
1056.0 2368672.0
1057.0 2452496.0
1058.0 2850784.0
1059.0 2919728.0
1060.0 2924068.0
1061.0 1729852.0
1062.0 2010544.0
1063.0 1610892.0
1064.0 1685348.0
1065.0 1730312.0
1066.0 1730428.0
1067.0 1729916.0
1068.0 1793440.0
1069.0 1801412.0
1070.0 1813184.0
1071.0 1825212.0
1072.0 1837116.0
1073.0 1838976.0
1074.0 1838976.0
1075.0 1845920.0
1076.0 1856460.0
1077.0 1864064.0
1078.0 1864212.0
1079.0 1864088.0
1080.0 1864088.0
1081.0 1864088.0
1082.0 1864088.0
1083.0 1863468.0
1084.0 1863716.0
1085.0 1863716.0
1086.0 1863716.0
1087.0 1863716.0
1088.0 1863468.0
1089.0 1863592.0
1090.0 1863592.0
1091.0 1863592.0
1092.0 1863552.0
1093.0 1863716.0
1094.0 1864040.0
1095.0 1864056.0
1096.0 1864132.0
1097.0 1864140.0
1098.0 1864356.0
1099.0 1864356.0
1100.0 1864356.0
1101.0 1863860.0
1102.0 1863984.0
1103.0 1864108.0
1104.0 1864108.0
1105.0 1864232.0
1106.0 1865100.0
1107.0 1865100.0
1108.0 1865596.0
1109.0 1865596.0
1110.0 1865596.0
1111.0 1865596.0
1112.0 1865284.0
1113.0 1865596.0
1114.0 1865596.0
1115.0 1865596.0
1116.0 1865596.0
1117.0 1865596.0
1118.0 1865596.0
1119.0 1864852.0
1120.0 1864852.0
1121.0 1864852.0
1122.0 1864852.0
1123.0 1864852.0
1124.0 1865472.0
1125.0 1865596.0
1126.0 1865596.0
1127.0 1865596.0
1128.0 1865596.0
1129.0 1865596.0
1130.0 1865472.0
1131.0 1865472.0
1132.0 1865472.0
1133.0 1865596.0
1134.0 1865596.0
1135.0 1865596.0
1136.0 1865596.0
1137.0 1865596.0
1138.0 1865596.0
1139.0 1865596.0
1140.0 1865596.0
1141.0 1865596.0
1142.0 1864976.0
1143.0 1864976.0
1144.0 1865100.0
1145.0 1865100.0
1146.0 1865100.0
1147.0 1862064.0
1148.0 1864620.0
1149.0 1862828.0
1150.0 1864980.0
1151.0 1863168.0
1152.0 1865492.0
1153.0 1866312.0
1154.0 1863956.0
1155.0 1866972.0
1156.0 1867128.0
1157.0 1867552.0
1158.0 1865568.0
1159.0 1868072.0
1160.0 1866068.0
1161.0 1868384.0
1162.0 1866708.0
1163.0 1868220.0
1164.0 1868668.0
1165.0 1869584.0
1166.0 1868476.0
1167.0 1869344.0
1168.0 1866584.0
1169.0 1869328.0
1170.0 1870096.0
1171.0 1870032.0
1172.0 1870056.0
1173.0 1870188.0
1174.0 1871408.0
1175.0 1871148.0
1176.0 1871188.0
1177.0 1871592.0
1178.0 1871440.0
1179.0 1871776.0
1180.0 1873296.0
1181.0 1870260.0
1182.0 1870336.0
1183.0 1872196.0
1184.0 1873504.0
1185.0 1873008.0
1186.0 1873692.0
1187.0 1873592.0
1188.0 1873872.0
1189.0 1873784.0
1190.0 1874372.0
1191.0 1873792.0
1192.0 1874816.0
1193.0 1874932.0
1194.0 1875156.0
1195.0 1874980.0
1196.0 1873552.0
1197.0 1875676.0
1198.0 1875240.0
1199.0 1875800.0
1200.0 1876264.0
1201.0 1876760.0
1202.0 1876456.0
1203.0 1876412.0
1204.0 1876856.0
1205.0 1877164.0
1206.0 1877520.0
1207.0 1877660.0
1208.0 1877776.0
1209.0 1877296.0
1210.0 1876508.0
1211.0 1877428.0
1212.0 1878280.0
1213.0 1877092.0
1214.0 1878592.0
1215.0 1880232.0
1216.0 1879464.0
1217.0 1879860.0
1218.0 1879560.0
1219.0 1879588.0
1220.0 1878652.0
1221.0 1880684.0
1222.0 1878800.0
1223.0 1880864.0
1224.0 1880264.0
1225.0 1880496.0
1226.0 1879688.0
1227.0 1880884.0
1228.0 1882076.0
1229.0 1880084.0
1230.0 1882448.0
1231.0 1882736.0
1232.0 1882560.0
1233.0 1883076.0
1234.0 1882940.0
1235.0 1882824.0
1236.0 1883628.0
1237.0 1883784.0
1238.0 1883668.0
1239.0 1884124.0
1240.0 1884844.0
1241.0 1885176.0
1242.0 1882744.0
1243.0 1883092.0
1244.0 1885644.0
1245.0 1885448.0
1246.0 1885548.0
1247.0 1885448.0
1248.0 1885176.0
1249.0 1887108.0
1250.0 1886132.0
1251.0 1886536.0
1252.0 1886936.0
1253.0 1887588.0
1254.0 1887596.0
1255.0 1886720.0
1256.0 1887544.0
1257.0 1888152.0
1258.0 1887812.0
1259.0 1888532.0
1260.0 1887976.0
1261.0 1889020.0
1262.0 1889588.0
1263.0 1889256.0
1264.0 1889456.0
1265.0 1890076.0
1266.0 1890232.0
1267.0 1891116.0
1268.0 1888612.0
1269.0 1888756.0
1270.0 1891572.0
1271.0 1891912.0
1272.0 1890828.0
1273.0 1891084.0
1274.0 1892268.0
1275.0 1891852.0
1276.0 1892456.0
1277.0 1891928.0
1278.0 1893036.0
1279.0 1892952.0
1280.0 1892284.0
1281.0 1893408.0
1282.0 1893732.0
1283.0 1893928.0
1284.0 1892408.0
1285.0 1893664.0
1286.0 1894340.0
1287.0 1894580.0
1288.0 1894116.0
1289.0 1895564.0
1290.0 1895996.0
1291.0 1893268.0
1292.0 1895368.0
1293.0 1895928.0
1294.0 1893796.0
1295.0 1896108.0
1296.0 1895796.0
1297.0 1896524.0
1298.0 1895952.0
1299.0 1896112.0
1300.0 1896168.0
1301.0 1894920.0
1302.0 1897176.0
1303.0 1897476.0
1304.0 1897352.0
1305.0 1897632.0
1306.0 1898096.0
1307.0 1898944.0
1308.0 1898400.0
1309.0 1898104.0
1310.0 1899164.0
1311.0 1899644.0
1312.0 1899344.0
1313.0 1899964.0
1314.0 1900148.0
1315.0 1900452.0
1316.0 1900792.0
1317.0 1900924.0
1318.0 1900808.0
1319.0 1901156.0
1320.0 1901056.0
1321.0 1900832.0
1322.0 1901528.0
1323.0 1902112.0
1324.0 1899900.0
1325.0 1902256.0
1326.0 1902628.0
1327.0 1903032.0
1328.0 1901052.0
1329.0 1903420.0
1330.0 1903636.0
1331.0 1903824.0
1332.0 1904404.0
1333.0 1903840.0
1334.0 1902296.0
1335.0 1905108.0
1336.0 1904408.0
1337.0 1905172.0
1338.0 1905040.0
1339.0 1903476.0
1340.0 1905204.0
1341.0 1905496.0
1342.0 1904472.0
1343.0 1906644.0
1344.0 1906488.0
1345.0 1904592.0
1346.0 1904552.0
1347.0 1907604.0
1348.0 1907628.0
1349.0 1907620.0
1350.0 1906124.0
1351.0 1907832.0
1352.0 1908116.0
1353.0 1909016.0
1354.0 1909324.0
1355.0 1909496.0
1356.0 1908800.0
1357.0 1909364.0
1358.0 1910076.0
1359.0 1910248.0
1360.0 1908552.0
1361.0 1910612.0
1362.0 1910928.0
1363.0 1910796.0
1364.0 1911000.0
1365.0 1911924.0
1366.0 1911348.0
1367.0 1911620.0
1368.0 1911464.0
1369.0 1910116.0
1370.0 1912036.0
1371.0 1912780.0
1372.0 1912656.0
1373.0 1913712.0
1374.0 1913588.0
1375.0 1914092.0
1376.0 1914340.0
1377.0 1913744.0
1378.0 1914780.0
1379.0 1914752.0
1380.0 1914992.0
1381.0 1915012.0
1382.0 1915324.0
1383.0 1914480.0
1384.0 1915672.0
1385.0 1916844.0
1386.0 1916596.0
1387.0 1917232.0
1388.0 1915176.0
1389.0 1915388.0
1390.0 1915944.0
1391.0 1918108.0
1392.0 1917852.0
1393.0 1916348.0
1394.0 1918516.0
1395.0 1919184.0
1396.0 1916484.0
1397.0 1917500.0
1398.0 1919424.0
1399.0 1918424.0
1400.0 1920360.0
1401.0 1918548.0
1402.0 1920200.0
1403.0 1918612.0
1404.0 1920416.0
1405.0 1920236.0
1406.0 1921152.0
1407.0 1919416.0
1408.0 1919664.0
1409.0 1920772.0
1410.0 1922268.0
1411.0 1920564.0
1412.0 1923484.0
1413.0 1923284.0
1414.0 1923012.0
1415.0 1921664.0
1416.0 1921548.0
1417.0 1924492.0
1418.0 1922980.0
1419.0 1922416.0
1420.0 1922376.0
1421.0 1925640.0
1422.0 1925392.0
1423.0 1925772.0
1424.0 1924856.0
1425.0 1925400.0
1426.0 1924200.0
1427.0 1926704.0
1428.0 1924680.0
1429.0 1925092.0
1430.0 1927416.0
1431.0 1925548.0
1432.0 1925828.0
1433.0 1926448.0
1434.0 1929004.0
1435.0 1928284.0
1436.0 1926540.0
1437.0 1928880.0
1438.0 1929136.0
1439.0 1926880.0
1440.0 1927408.0
1441.0 1929332.0
1442.0 1930344.0
1443.0 1930144.0
1444.0 1930144.0
1445.0 1928516.0
1446.0 1928516.0
1447.0 1930500.0
1448.0 1929432.0
1449.0 1929152.0
1450.0 1931088.0
1451.0 1929664.0
1452.0 1932352.0
1453.0 1930316.0
1454.0 1932856.0
1455.0 1930688.0
1456.0 1931184.0
1457.0 1932864.0
1458.0 1933972.0
1459.0 1934764.0
1460.0 1932192.0
1461.0 1933912.0
1462.0 1935048.0
1463.0 1935236.0
1464.0 1932748.0
1465.0 1932684.0
1466.0 1935824.0
1467.0 1935608.0
1468.0 1933920.0
1469.0 1936428.0
1470.0 1934476.0
1471.0 1936228.0
1472.0 1936780.0
1473.0 1937268.0
1474.0 1936800.0
1475.0 1935764.0
1476.0 1935492.0
1477.0 1937280.0
1478.0 1936064.0
1479.0 1935956.0
1480.0 1936368.0
1481.0 1938716.0
1482.0 1939508.0
1483.0 1937296.0
1484.0 1939520.0
1485.0 1939360.0
1486.0 1939644.0
1487.0 1940112.0
1488.0 1940196.0
1489.0 1938892.0
1490.0 1940512.0
1491.0 1939436.0
1492.0 1940312.0
1493.0 1940560.0
1494.0 1940512.0
1495.0 1940636.0
1496.0 1940884.0
1497.0 1941628.0
1498.0 1953036.0
1499.0 1960724.0
1500.0 1996840.0
1501.0 1978272.0
1502.0 2008080.0
1503.0 2015156.0
1504.0 2036160.0
1505.0 2050220.0
1506.0 2052964.0
1507.0 2067348.0
1508.0 1994940.0
1509.0 1995424.0
1510.0 2001468.0
1511.0 2000092.0
1512.0 2002212.0
1513.0 2074092.0
1514.0 2101140.0
1515.0 2113220.0
1516.0 2039200.0
1517.0 2085700.0
1518.0 2101200.0
1519.0 2114096.0
1520.0 2071828.0
1521.0 2035000.0
1522.0 2091172.0
1523.0 2104564.0
1524.0 2116716.0
1525.0 2036288.0
1526.0 2046836.0
1527.0 2048192.0
1528.0 2050920.0
1529.0 2037776.0
1530.0 2042488.0
1531.0 2041876.0
1532.0 2041620.0
1533.0 2044208.0
1534.0 2058352.0
1535.0 2036164.0
1536.0 2045448.0
1537.0 2044348.0
1538.0 2046588.0
1539.0 2038272.0
1540.0 2042776.0
1541.0 2037676.0
1542.0 2048952.0
1543.0 2048704.0
1544.0 2048220.0
1545.0 2036240.0
1546.0 2060172.0
1547.0 2038216.0
1548.0 2054576.0
1549.0 2050384.0
1550.0 2060800.0
1551.0 2132092.0
1552.0 2193472.0
1553.0 2224100.0
1554.0 2237492.0
1555.0 2248776.0
1556.0 2260680.0
1557.0 2272584.0
1558.0 2284240.0
1559.0 2295524.0
1560.0 2306064.0
1561.0 2318092.0
1562.0 2328880.0
1563.0 2341652.0
1564.0 2348472.0
1565.0 2349092.0
1566.0 2049128.0
1567.0 2098240.0
1568.0 2113244.0
1569.0 2043448.0
1570.0 2106316.0
1571.0 2168796.0
1572.0 2196076.0
1573.0 2207980.0
1574.0 2219760.0
1575.0 2230796.0
1576.0 2243816.0
1577.0 2254852.0
1578.0 2265640.0
1579.0 2042432.0
1580.0 2104556.0
1581.0 2168104.0
1582.0 2194168.0
1583.0 2207808.0
1584.0 2219092.0
1585.0 2230624.0
1586.0 2241908.0
1587.0 2252076.0
1588.0 2263484.0
1589.0 2048220.0
1590.0 2089040.0
1591.0 2152520.0
1592.0 2194060.0
1593.0 2207700.0
1594.0 2219356.0
1595.0 2231632.0
1596.0 2242916.0
1597.0 2254200.0
1598.0 2265484.0
1599.0 2276644.0
1600.0 2058156.0
1601.0 2049360.0
1602.0 2043184.0
1603.0 2058916.0
1604.0 2045308.0
1605.0 2075428.0
1606.0 2116872.0
1607.0 2084624.0
1608.0 2089568.0
1609.0 2128664.0
1610.0 2131028.0
1611.0 2143180.0
1612.0 2143468.0
1613.0 2145576.0
1614.0 2151396.0
1615.0 2184752.0
1616.0 2166896.0
1617.0 2138260.0
1618.0 2166748.0
1619.0 2140856.0
1620.0 2161468.0
1621.0 2091416.0
1622.0 2128128.0
1623.0 2092772.0
1624.0 2101096.0
1625.0 2104972.0
1626.0 2159140.0
1627.0 2167852.0
1628.0 2176424.0
1629.0 2183044.0
1630.0 2191492.0
1631.0 2200064.0
1632.0 2208512.0
1633.0 2213504.0
1634.0 2230284.0
1635.0 2232392.0
1636.0 2234376.0
1637.0 2235988.0
1638.0 2236988.0
1639.0 2239344.0
1640.0 2240708.0
1641.0 2241964.0
1642.0 2243328.0
1643.0 2244444.0
1644.0 2245932.0
1645.0 2246940.0
1646.0 2248428.0
1647.0 2249668.0
1648.0 2250908.0
1649.0 2252272.0
1650.0 2253884.0
1651.0 2255264.0
1652.0 2256628.0
1653.0 2257992.0
1654.0 2259496.0
1655.0 2260904.0
1656.0 2245908.0
1657.0 2254704.0
1658.0 2261216.0
1659.0 2270336.0
1660.0 2279900.0
1661.0 2289356.0
1662.0 2298672.0
1663.0 2301300.0
1664.0 2304772.0
1665.0 2322900.0
1666.0 2322816.0
1667.0 2322816.0
1668.0 2322816.0
1669.0 2322692.0
1670.0 2322692.0
1671.0 2322692.0
1672.0 2323268.0
1673.0 2323164.0
1674.0 2324348.0
1675.0 2327520.0
1676.0 2330500.0
1677.0 2334096.0
1678.0 2337460.0
1679.0 2340560.0
1680.0 2343676.0
1681.0 2347024.0
1682.0 2350264.0
1683.0 2353488.0
1684.0 2521012.0
1685.0 2591568.0
1686.0 2594684.0
1687.0 2598280.0
1688.0 2601768.0
1689.0 2605240.0
1690.0 2608852.0
1691.0 2611704.0
1692.0 2615192.0
1693.0 2618788.0
1694.0 2622400.0
1695.0 2625872.0
1696.0 2628988.0
1697.0 2631964.0
1698.0 2382228.0
1699.0 2128972.0
1700.0 2163220.0
1701.0 2170024.0
1702.0 2178332.0
1703.0 2186640.0
1704.0 2194948.0
1705.0 2203456.0
1706.0 2210564.0
1707.0 2229212.0
1708.0 2231692.0
1709.0 2234048.0
1710.0 2236592.0
1711.0 2237496.0
1712.0 2238984.0
1713.0 2240348.0
1714.0 2242208.0
1715.0 2243820.0
1716.0 2245688.0
1717.0 2246804.0
1718.0 2248912.0
1719.0 2249904.0
1720.0 2251440.0
1721.0 2252680.0
1722.0 2254044.0
1723.0 2255656.0
1724.0 2257020.0
1725.0 2258416.0
1726.0 2259360.0
1727.0 2260476.0
1728.0 2261840.0
1729.0 2263576.0
1730.0 2249780.0
1731.0 2258948.0
1732.0 2268256.0
1733.0 2277864.0
1734.0 2287056.0
1735.0 2294620.0
1736.0 2299340.0
1737.0 2308516.0
1738.0 2322528.0
1739.0 2322436.0
1740.0 2322436.0
1741.0 2322188.0
1742.0 2322156.0
1743.0 2322156.0
1744.0 2322156.0
1745.0 2322356.0
1746.0 2322292.0
1747.0 2322228.0
1748.0 2322324.0
1749.0 2322164.0
1750.0 2322316.0
1751.0 2322280.0
1752.0 2322256.0
1753.0 2322580.0
1754.0 2322524.0
1755.0 2322532.0
1756.0 2322680.0
1757.0 2322592.0
1758.0 2324840.0
1759.0 2327928.0
1760.0 2331128.0
1761.0 2334724.0
1762.0 2337948.0
1763.0 2340924.0
1764.0 2344148.0
1765.0 2347744.0
1766.0 2350844.0
1767.0 2447192.0
1768.0 2592396.0
1769.0 2590048.0
1770.0 2593644.0
1771.0 2597008.0
1772.0 2600604.0
1773.0 2603968.0
1774.0 2607192.0
1775.0 2610680.0
1776.0 2614152.0
1777.0 2617392.0
1778.0 2621112.0
1779.0 2624228.0
1780.0 2627948.0
1781.0 2380344.0
1782.0 2107544.0
1783.0 2161724.0
1784.0 2168784.0
1785.0 2177216.0
1786.0 2185648.0
1787.0 2194328.0
1788.0 2202884.0
1789.0 2210448.0
1790.0 2230088.0
1791.0 2232816.0
1792.0 2234800.0
1793.0 2236784.0
1794.0 2238024.0
1795.0 2239388.0
1796.0 2240876.0
1797.0 2242488.0
1798.0 2243480.0
1799.0 2244968.0
1800.0 2246456.0
1801.0 2248192.0
1802.0 2249556.0
1803.0 2250672.0
1804.0 2252284.0
1805.0 2253524.0
1806.0 2254888.0
1807.0 2256252.0
1808.0 2257492.0
1809.0 2259104.0
1810.0 2260468.0
1811.0 2262204.0
1812.0 2263816.0
1813.0 2252640.0
1814.0 2260576.0
1815.0 2270224.0
1816.0 2279648.0
1817.0 2288948.0
1818.0 2298124.0
1819.0 2300852.0
1820.0 2310152.0
1821.0 2323296.0
1822.0 2323344.0
1823.0 2323328.0
1824.0 2323204.0
1825.0 2323080.0
1826.0 2323080.0
1827.0 2323080.0
1828.0 2323472.0
1829.0 2323504.0
1830.0 2323104.0
1831.0 2323560.0
1832.0 2323464.0
1833.0 2323520.0
1834.0 2323536.0
1835.0 2324772.0
1836.0 2327680.0
1837.0 2331088.0
1838.0 2334188.0
1839.0 2337412.0
1840.0 2340636.0
1841.0 2344108.0
1842.0 2347332.0
1843.0 2350804.0
1844.0 2343008.0
1845.0 2542152.0
1846.0 2588776.0
1847.0 2592248.0
1848.0 2595596.0
1849.0 2599316.0
1850.0 2602912.0
1851.0 2606260.0
1852.0 2609856.0
1853.0 2613080.0
1854.0 2616444.0
1855.0 2620040.0
1856.0 2623404.0
1857.0 2626876.0
1858.0 2624288.0
1859.0 2382736.0
1860.0 2148004.0
1861.0 2166604.0
1862.0 2173788.0
1863.0 2182344.0
1864.0 2191148.0
1865.0 2199952.0
1866.0 2208756.0
1867.0 2216320.0
1868.0 2232240.0
1869.0 2234224.0
1870.0 2235588.0
1871.0 2236952.0
1872.0 2238688.0
1873.0 2239812.0
1874.0 2241176.0
1875.0 2242664.0
1876.0 2244524.0
1877.0 2245764.0
1878.0 2247500.0
1879.0 2249732.0
1880.0 2250848.0
1881.0 2253452.0
1882.0 2254568.0
1883.0 2255932.0
1884.0 2257172.0
1885.0 2258536.0
1886.0 2259900.0
1887.0 2261140.0
1888.0 2262752.0
1889.0 2264240.0
1890.0 2251576.0
1891.0 2258868.0
1892.0 2268044.0
1893.0 2277336.0
1894.0 2286760.0
1895.0 2296184.0
1896.0 2302500.0
1897.0 2307460.0
1898.0 2321720.0
1899.0 2321876.0
1900.0 2321876.0
1901.0 2322000.0
1902.0 2321876.0
1903.0 2321900.0
1904.0 2321876.0
1905.0 2322068.0
1906.0 2321908.0
1907.0 2321968.0
1908.0 2321824.0
1909.0 2322056.0
1910.0 2323220.0
1911.0 2326480.0
1912.0 2329684.0
1913.0 2332908.0
1914.0 2336380.0
1915.0 2338860.0
1916.0 2342208.0
1917.0 2345308.0
1918.0 2348656.0
1919.0 2364536.0
1920.0 2564540.0
1921.0 2583636.0
1922.0 2587232.0
1923.0 2590828.0
1924.0 2594176.0
1925.0 2597772.0
1926.0 2600996.0
1927.0 2604344.0
1928.0 2608064.0
1929.0 2611412.0
1930.0 2614884.0
1931.0 2618496.0
1932.0 2622092.0
1933.0 2379176.0
1934.0 2106880.0
1935.0 2128944.0
1936.0 2136872.0
1937.0 2155644.0
1938.0 2157752.0
1939.0 2160480.0
1940.0 2161348.0
1941.0 2163208.0
1942.0 2164820.0
1943.0 2166308.0
1944.0 2167796.0
1945.0 2156928.0
1946.0 2164492.0
1947.0 2173908.0
1948.0 2179776.0
1949.0 2179892.0
1950.0 2180628.0
1951.0 2180380.0
1952.0 2180476.0
1953.0 2183184.0
1954.0 2186124.0
1955.0 2189400.0
1956.0 2272356.0
1957.0 2276044.0
1958.0 2279648.0
1959.0 2283244.0
1960.0 2287088.0
1961.0 2106792.0
1962.0 2150192.0
1963.0 2157344.0
1964.0 2165280.0
1965.0 2173464.0
1966.0 2181648.0
1967.0 2189832.0
1968.0 2203520.0
1969.0 2205132.0
1970.0 2206248.0
1971.0 2207488.0
1972.0 2208604.0
1973.0 2210464.0
1974.0 2211456.0
1975.0 2212448.0
1976.0 2214184.0
1977.0 2215300.0
1978.0 2216540.0
1979.0 2218400.0
1980.0 2219392.0
1981.0 2220384.0
1982.0 2221500.0
1983.0 2222740.0
1984.0 2223980.0
1985.0 2225220.0
1986.0 2226584.0
1987.0 2213688.0
1988.0 2222584.0
1989.0 2231884.0
1990.0 2241052.0
1991.0 2250352.0
1992.0 2259652.0
1993.0 2261380.0
1994.0 2274648.0
1995.0 2274804.0
1996.0 2274804.0
1997.0 2274772.0
1998.0 2274772.0
1999.0 2274772.0
2000.0 2274652.0
2001.0 2274588.0
2002.0 2274804.0
2003.0 2274836.0
2004.0 2274828.0
2005.0 2274748.0
2006.0 2274836.0
2007.0 2274828.0
2008.0 2274908.0
2009.0 2275092.0
2010.0 2275204.0
2011.0 2274996.0
2012.0 2275060.0
2013.0 2275684.0
2014.0 2278484.0
2015.0 2281636.0
2016.0 2284796.0
2017.0 2287896.0
2018.0 2291120.0
2019.0 2293724.0
2020.0 2297072.0
2021.0 2300172.0
2022.0 2482708.0
2023.0 2535492.0
2024.0 2538592.0
2025.0 2542188.0
2026.0 2545660.0
2027.0 2549256.0
2028.0 2552852.0
2029.0 2555828.0
2030.0 2559176.0
2031.0 2562648.0
2032.0 2566120.0
2033.0 2569592.0
2034.0 2572816.0
2035.0 2327048.0
2036.0 2217184.0
2037.0 2149596.0
2038.0 2158144.0
2039.0 2165748.0
2040.0 2173932.0
2041.0 2182612.0
2042.0 2192052.0
2043.0 2204484.0
2044.0 2204964.0
2045.0 2206328.0
2046.0 2207444.0
2047.0 2208932.0
2048.0 2210420.0
2049.0 2211288.0
2050.0 2212652.0
2051.0 2213768.0
2052.0 2214884.0
2053.0 2216412.0
2054.0 2217472.0
2055.0 2218712.0
2056.0 2219952.0
2057.0 2221564.0
2058.0 2222804.0
2059.0 2223796.0
2060.0 2225160.0
2061.0 2226276.0
2062.0 2218432.0
2063.0 2227104.0
2064.0 2235024.0
2065.0 2244200.0
2066.0 2253384.0
2067.0 2261444.0
2068.0 2274208.0
2069.0 2274364.0
2070.0 2273660.0
2071.0 2273660.0
2072.0 2273660.0
2073.0 2273660.0
2074.0 2274084.0
2075.0 2274220.0
2076.0 2273900.0
2077.0 2274412.0
2078.0 2274124.0
2079.0 2274084.0
2080.0 2273972.0
2081.0 2276644.0
2082.0 2279816.0
2083.0 2282916.0
2084.0 2286016.0
2085.0 2289488.0
2086.0 2292728.0
2087.0 2295828.0
2088.0 2286164.0
2089.0 2501552.0
2090.0 2530932.0
2091.0 2533844.0
2092.0 2537464.0
2093.0 2540812.0
2094.0 2544284.0
2095.0 2547632.0
2096.0 2550856.0
2097.0 2554204.0
2098.0 2557676.0
2099.0 2561024.0
2100.0 2564496.0
2101.0 2567720.0
2102.0 2325308.0
2103.0 2109416.0
2104.0 2152816.0
2105.0 2161612.0
2106.0 2168556.0
2107.0 2176864.0
2108.0 2185048.0
2109.0 2204812.0
2110.0 2206796.0
2111.0 2207664.0
2112.0 2209400.0
2113.0 2210640.0
2114.0 2211756.0
2115.0 2213368.0
2116.0 2214484.0
2117.0 2215724.0
2118.0 2216840.0
2119.0 2218080.0
2120.0 2219196.0
2121.0 2220684.0
2122.0 2222048.0
2123.0 2223288.0
2124.0 2224404.0
2125.0 2225520.0
2126.0 2226636.0
2127.0 2227876.0
2128.0 2228992.0
2129.0 2219056.0
2130.0 2228208.0
2131.0 2235400.0
2132.0 2244700.0
2133.0 2254124.0
2134.0 2263300.0
2135.0 2277088.0
2136.0 2276956.0
2137.0 2276508.0
2138.0 2276476.0
2139.0 2276476.0
2140.0 2276484.0
2141.0 2276692.0
2142.0 2276884.0
2143.0 2276992.0
2144.0 2276844.0
2145.0 2276812.0
2146.0 2276988.0
2147.0 2277060.0
2148.0 2276976.0
2149.0 2277012.0
2150.0 2278112.0
2151.0 2281020.0
2152.0 2284080.0
2153.0 2287428.0
2154.0 2290404.0
2155.0 2293036.0
2156.0 2296192.0
2157.0 2299540.0
2158.0 2361548.0
2159.0 2541348.0
2160.0 2537876.0
2161.0 2541432.0
2162.0 2544904.0
2163.0 2548252.0
2164.0 2551724.0
2165.0 2554948.0
2166.0 2558420.0
2167.0 2561892.0
2168.0 2565240.0
2169.0 2568712.0
2170.0 2571936.0
2171.0 2575284.0
2172.0 2328408.0
2173.0 2130984.0
2174.0 2156280.0
2175.0 2163968.0
2176.0 2172400.0
2177.0 2180832.0
2178.0 2189388.0
2179.0 2206424.0
2180.0 2207044.0
2181.0 2208780.0
2182.0 2210268.0
2183.0 2211880.0
2184.0 2212872.0
2185.0 2214112.0
2186.0 2215724.0
2187.0 2217212.0
2188.0 2218328.0
2189.0 2219320.0
2190.0 2220312.0
2191.0 2222048.0
2192.0 2223164.0
2193.0 2224280.0
2194.0 2225644.0
2195.0 2226636.0
2196.0 2228248.0
2197.0 2229736.0
2198.0 2217328.0
2199.0 2226752.0
2200.0 2233844.0
2201.0 2243072.0
2202.0 2252124.0
2203.0 2261548.0
2204.0 2277420.0
2205.0 2277452.0
2206.0 2276592.0
2207.0 2276592.0
2208.0 2276592.0
2209.0 2276592.0
2210.0 2276792.0
2211.0 2276672.0
2212.0 2276760.0
2213.0 2276528.0
2214.0 2276852.0
2215.0 2276876.0
2216.0 2277100.0
2217.0 2277304.0
2218.0 2276912.0
2219.0 2276788.0
2220.0 2276804.0
2221.0 2276820.0
2222.0 2278640.0
2223.0 2281768.0
2224.0 2284992.0
2225.0 2288340.0
2226.0 2291440.0
2227.0 2294168.0
2228.0 2297524.0
2229.0 2300872.0
2230.0 2459716.0
2231.0 2531728.0
2232.0 2535100.0
2233.0 2538696.0
2234.0 2542044.0
2235.0 2545516.0
2236.0 2549112.0
2237.0 2552708.0
2238.0 2556304.0
2239.0 2559776.0
2240.0 2563124.0
2241.0 2566844.0
2242.0 2569828.0
2243.0 2328532.0
2244.0 2105828.0
2245.0 2151940.0
2246.0 2159752.0
2247.0 2166540.0
2248.0 2174236.0
2249.0 2182420.0
2250.0 2200944.0
2251.0 2203424.0
2252.0 2203672.0
2253.0 2205160.0
2254.0 2206772.0
2255.0 2208384.0
2256.0 2209624.0
2257.0 2210740.0
2258.0 2211980.0
2259.0 2213592.0
2260.0 2214832.0
2261.0 2215948.0
2262.0 2217188.0
2263.0 2218428.0
2264.0 2219668.0
2265.0 2220784.0
2266.0 2222024.0
2267.0 2223264.0
2268.0 2210112.0
2269.0 2219388.0
2270.0 2228680.0
2271.0 2238228.0
2272.0 2242692.0
2273.0 2251868.0
2274.0 2266384.0
2275.0 2266764.0
2276.0 2266780.0
2277.0 2266656.0
2278.0 2266532.0
2279.0 2266532.0
2280.0 2266668.0
2281.0 2269328.0
2282.0 2272808.0
2283.0 2276072.0
2284.0 2279048.0
2285.0 2282520.0
2286.0 2285372.0
2287.0 2288720.0
2288.0 2401808.0
2289.0 2504720.0
2290.0 2508316.0
2291.0 2511540.0
2292.0 2514888.0
2293.0 2518360.0
2294.0 2521956.0
2295.0 2525676.0
2296.0 2528652.0
2297.0 2531876.0
2298.0 2535472.0
2299.0 2539192.0
2300.0 2542292.0
2301.0 2315632.0
2302.0 2138216.0
2303.0 2118440.0
2304.0 2132376.0
2305.0 2143484.0
2306.0 2184608.0
