10000000.0 99.0 98.0
20000000.0 97.0 97.0
30000000.0 98.0 97.0
40000000.0 97.0 97.0
50000000.0 99.0 99.0
60000000.0 98.0 98.0
70000000.0 97.0 97.0
80000000.0 98.0 97.0
90000000.0 99.0 99.0
100000000.0 98.0 98.0
200000000.0 99.0 98.0
300000000.0 103.0 102.0
400000000.0 101.0 100.0
500000000.0 104.0 102.0
600000000.0 105.0 103.0
700000000.0 107.0 105.0
800000000.0 107.0 105.0
900000000.0 109.0 106.0
1000000000.0 111.0 108.0
2000000000.0 124.0 119.0
3000000000.0 136.0 128.0
4000000000.0 148.0 138.0
5000000000.0 160.0 147.0
6000000000.0 172.0 156.0
7000000000.0 184.0 166.0
8000000000.0 196.0 175.0
9000000000.0 207.0 184.0
10000000000.0 218.0 192.0
1e+11 1247.0 972.0
2.44e+11 2923.0 2218.0
